{
  "camera_angle_x": 1.1595714705331788,
  "camera_angle_y": 0.9130798209730983,
  "fl_x": 3078.51,
  "fl_y": 3078.51,
  "k1": 0.0336372,
  "k2": 0,
  "k3": 0,
  "k4": 0,
  "p1": 0,
  "p2": 0,
  "is_fisheye": false,
  "cx": 2016.0,
  "cy": 1512.0,
  "w": 4032.0,
  "h": 3024.0,
  "aabb_scale": 4,
  "frames": [
    {
      "file_path": "./images/IMG_7390.jpeg",
      "sharpness": 157.17375495859093,
      "transform_matrix": [
        [
          -0.42383109261544133,
          -0.7966503312780194,
          0.43094683640000847,
          2.0295215036085263
        ],
        [
          0.8264240253530812,
          -0.5348504858171222,
          -0.17594932021942197,
          -0.7268795203101263
        ],
        [
          0.37066218070309154,
          0.28157202745373433,
          0.8850572538239537,
          3.681186070181575
        ],
        [
          0.0,
          0.0,
          0.0,
          1.0
        ]
      ]
    },
    {
      "file_path": "./images/IMG_7392.jpeg",
      "sharpness": 261.6103190812738,
      "transform_matrix": [
        [
          -0.3718530219670444,
          -0.7567956031145656,
          0.537574259928728,
          2.7178558417665752
        ],
        [
          0.8635555903843175,
          -0.49448231337496396,
          -0.09878832918039057,
          -0.3995339295052909
        ],
        [
          0.34058357449504445,
          0.427490517265482,
          0.8374097974026896,
          3.6907824424682327
        ],
        [
          0.0,
          0.0,
          0.0,
          1.0
        ]
      ]
    },
    {
      "file_path": "./images/IMG_7389.jpeg",
      "sharpness": 306.16236410111736,
      "transform_matrix": [
        [
          -0.4445846736785773,
          -0.8005208672891682,
          0.4018844954107105,
          1.869623718036679
        ],
        [
          0.8144355425624134,
          -0.5480334671263578,
          -0.1906678242523851,
          -0.8196171898178972
        ],
        [
          0.37287976186907096,
          0.24254102337276798,
          0.8956199083745616,
          3.7082703535533246
        ],
        [
          0.0,
          0.0,
          0.0,
          1.0
        ]
      ]
    },
    {
      "file_path": "./images/IMG_7391.jpeg",
      "sharpness": 314.9079919335161,
      "transform_matrix": [
        [
          -0.39471613774068426,
          -0.7624148225076719,
          0.5127598576486253,
          2.4483614486842615
        ],
        [
          0.8510685741800349,
          -0.5136890128416348,
          -0.10865458104197243,
          -0.5476151503524547
        ],
        [
          0.3462389516417638,
          0.3935060851352371,
          0.8516286475185992,
          3.6851553519768983
        ],
        [
          0.0,
          0.0,
          0.0,
          1.0
        ]
      ]
    },
    {
      "file_path": "./images/IMG_7393.jpeg",
      "sharpness": 261.91578999420415,
      "transform_matrix": [
        [
          -0.3228295800903703,
          -0.6858427472534455,
          0.6522275027147111,
          3.359292503878723
        ],
        [
          0.8940498240907482,
          -0.44711427738612436,
          -0.02763514795233532,
          -0.016374644777827446
        ],
        [
          0.3105735854853109,
          0.5742024412809172,
          0.7575193065239325,
          3.4947898595948463
        ],
        [
          0.0,
          0.0,
          0.0,
          1.0
        ]
      ]
    },
    {
      "file_path": "./images/IMG_7394.jpeg",
      "sharpness": 282.8128985967259,
      "transform_matrix": [
        [
          -0.2711440956861502,
          -0.5576548606768592,
          0.7845392071298077,
          4.068926032479625
        ],
        [
          0.9276706654502139,
          -0.3687928023287868,
          0.05847153093710594,
          0.44831002713519963
        ],
        [
          0.2567254538423726,
          0.7436482206398917,
          0.6173160602964048,
          3.088021857725511
        ],
        [
          0.0,
          0.0,
          0.0,
          1.0
        ]
      ]
    },
    {
      "file_path": "./images/IMG_7395.jpeg",
      "sharpness": 257.39156465528697,
      "transform_matrix": [
        [
          -0.2188516346903737,
          -0.420209002589498,
          0.8806407628164322,
          4.716764120196615
        ],
        [
          0.9595225565268429,
          -0.25663323849348196,
          0.11599888125669398,
          0.860379018788958
        ],
        [
          0.17725788131371045,
          0.8703812242852575,
          0.4593646391897078,
          2.538528130242605
        ],
        [
          0.0,
          0.0,
          0.0,
          1.0
        ]
      ]
    },
    {
      "file_path": "./images/IMG_7396.jpeg",
      "sharpness": 173.2985990140397,
      "transform_matrix": [
        [
          -0.1832410774541338,
          -0.3188671689491436,
          0.9299175148671451,
          5.235144077810742
        ],
        [
          0.9763172803003175,
          -0.1696935336686057,
          0.1341966697220368,
          1.1794257666603232
        ],
        [
          0.11501010346267253,
          0.9324848787547638,
          0.34241033922275127,
          1.8364582191882945
        ],
        [
          0.0,
          0.0,
          0.0,
          1.0
        ]
      ]
    },
    {
      "file_path": "./images/IMG_7397.jpeg",
      "sharpness": 274.5273148712194,
      "transform_matrix": [
        [
          -0.21401256204374955,
          -0.12456455606825703,
          0.9688561792702419,
          5.579339694733412
        ],
        [
          0.9767507767303507,
          -0.0399923954817035,
          0.21061464687122922,
          1.3728927122843275
        ],
        [
          0.012511760215823722,
          0.9914052054989198,
          0.13022740152647463,
          0.9653246989234487
        ],
        [
          0.0,
          0.0,
          0.0,
          1.0
        ]
      ]
    },
    {
      "file_path": "./images/IMG_7398.jpeg",
      "sharpness": 236.23470133106164,
      "transform_matrix": [
        [
          -0.15968843053031267,
          0.03854255548648934,
          0.9864147589874288,
          5.66576512423924
        ],
        [
          0.9864654311012899,
          0.043908594054014545,
          0.15798097681297518,
          1.4719689641979072
        ],
        [
          -0.03722309453217786,
          0.9982917945676856,
          -0.045032593261248734,
          -0.05131065139508323
        ],
        [
          0.0,
          0.0,
          0.0,
          1.0
        ]
      ]
    },
    {
      "file_path": "./images/IMG_7399.jpeg",
      "sharpness": 272.41624558770343,
      "transform_matrix": [
        [
          -0.21371163323703748,
          0.25362504680689085,
          0.943399021561542,
          5.567359448776554
        ],
        [
          0.9625550999170571,
          0.21953846885532768,
          0.15903004134486823,
          1.3150419796033748
        ],
        [
          -0.16677838860925567,
          0.9420601031636643,
          -0.2910460013678344,
          -1.131713761255958
        ],
        [
          0.0,
          0.0,
          0.0,
          1.0
        ]
      ]
    },
    {
      "file_path": "./images/IMG_7400.jpeg",
      "sharpness": 211.99470013406918,
      "transform_matrix": [
        [
          -0.23036403807254188,
          0.35900553448002,
          0.9044596923998104,
          5.435431152536869
        ],
        [
          0.9537201151440986,
          0.2678887591487434,
          0.13657792156416085,
          1.1832541140785746
        ],
        [
          -0.19326233252527678,
          0.8940640502509118,
          -0.4041027443615995,
          -2.1293104098334834
        ],
        [
          0.0,
          0.0,
          0.0,
          1.0
        ]
      ]
    },
    {
      "file_path": "./images/IMG_7401.jpeg",
      "sharpness": 232.78425620793266,
      "transform_matrix": [
        [
          -0.24445930157833812,
          0.44762095484948966,
          0.860159902440688,
          5.168269429487341
        ],
        [
          0.9446955914641979,
          0.3099338463596505,
          0.10719716982530074,
          0.9997813749698463
        ],
        [
          -0.21860895618544146,
          0.8387946156293912,
          -0.4986317584164845,
          -3.086431225496991
        ],
        [
          0.0,
          0.0,
          0.0,
          1.0
        ]
      ]
    },
    {
      "file_path": "./images/IMG_7402.jpeg",
      "sharpness": 220.63270160890255,
      "transform_matrix": [
        [
          -0.2844596447690132,
          0.5770173325194586,
          0.7655935866168146,
          4.708281726723098
        ],
        [
          0.910207563807957,
          0.4132907603461615,
          0.02669993116326396,
          0.686733788977191
        ],
        [
          -0.30100641778927384,
          0.7044441284621541,
          -0.6427700897079359,
          -3.8618183180468626
        ],
        [
          0.0,
          0.0,
          0.0,
          1.0
        ]
      ]
    },
    {
      "file_path": "./images/IMG_7403.jpeg",
      "sharpness": 179.94275220920898,
      "transform_matrix": [
        [
          -0.3144193787538459,
          0.6543067872046566,
          0.6877669223508333,
          4.0872474200130195
        ],
        [
          0.8697218151763368,
          0.48890260750093906,
          -0.06751522772026156,
          0.29281251029057165
        ],
        [
          -0.38042672149655954,
          0.5769377994398367,
          -0.7227853367915201,
          -4.077544475240321
        ],
        [
          0.0,
          0.0,
          0.0,
          1.0
        ]
      ]
    },
    {
      "file_path": "./images/IMG_7404.jpeg",
      "sharpness": 248.7817301193963,
      "transform_matrix": [
        [
          -0.3423724914268499,
          0.7451214464805289,
          0.5723422860810868,
          3.359296534353451
        ],
        [
          0.8421588221637771,
          0.5134638164804738,
          -0.16469258281184812,
          -0.1974296848925476
        ],
        [
          -0.4165930194587117,
          0.4256168961258462,
          -0.8033064908680806,
          -4.476524915281411
        ],
        [
          0.0,
          0.0,
          0.0,
          1.0
        ]
      ]
    },
    {
      "file_path": "./images/IMG_7405.jpeg",
      "sharpness": 235.99423278247062,
      "transform_matrix": [
        [
          -0.378074445249072,
          0.7892751868957656,
          0.4838427990754341,
          2.8617590110056734
        ],
        [
          0.8054476254324016,
          0.5380978981254958,
          -0.24840402008302445,
          -0.7037939965424154
        ],
        [
          -0.45641394573246147,
          0.295794820956333,
          -0.8391608780732153,
          -4.809491968828231
        ],
        [
          0.0,
          0.0,
          0.0,
          1.0
        ]
      ]
    },
    {
      "file_path": "./images/IMG_7406.jpeg",
      "sharpness": 269.92004759623325,
      "transform_matrix": [
        [
          -0.3856386942477824,
          0.8152868870451478,
          0.4319606133995485,
          2.2440690756120127
        ],
        [
          0.7828669505500845,
          0.5368946470635412,
          -0.31442554878216167,
          -1.278174679199398
        ],
        [
          -0.48826437709739345,
          0.2169130301684282,
          -0.8453085051652673,
          -4.895760013135848
        ],
        [
          0.0,
          0.0,
          0.0,
          1.0
        ]
      ]
    },
    {
      "file_path": "./images/IMG_7407.jpeg",
      "sharpness": 460.57574453549927,
      "transform_matrix": [
        [
          0.08565653974290618,
          0.6291607997765881,
          0.7725408543784025,
          1.9323646207428569
        ],
        [
          0.880566354775581,
          0.314950424015323,
          -0.3541312519212119,
          -0.9809332963077219
        ],
        [
          -0.46611771673717284,
          0.7106072208480116,
          -0.5270401993468314,
          -2.483784198834395
        ],
        [
          0.0,
          0.0,
          0.0,
          1.0
        ]
      ]
    },
    {
      "file_path": "./images/IMG_7408.jpeg",
      "sharpness": 283.1121006286928,
      "transform_matrix": [
        [
          0.09283192631118935,
          0.4727478219641492,
          0.8762942062455653,
          2.390362260151139
        ],
        [
          0.9359807467509765,
          0.25873490064741594,
          -0.23873869502041492,
          -0.7869746948505131
        ],
        [
          -0.3395912011857377,
          0.8423571477660908,
          -0.4184639540380303,
          -2.0536445225869526
        ],
        [
          0.0,
          0.0,
          0.0,
          1.0
        ]
      ]
    },
    {
      "file_path": "./images/IMG_7409.jpeg",
      "sharpness": 347.2888859956549,
      "transform_matrix": [
        [
          0.1234346296716515,
          0.24718787194150355,
          0.9610733535067595,
          2.6111254950039613
        ],
        [
          0.9773568998866979,
          0.13744769041774316,
          -0.16087751774501913,
          -0.6708518971670213
        ],
        [
          -0.17186431386640125,
          0.9591695717857253,
          -0.2246249622984577,
          -1.4411155414581556
        ],
        [
          0.0,
          0.0,
          0.0,
          1.0
        ]
      ]
    },
    {
      "file_path": "./images/IMG_7410.jpeg",
      "sharpness": 376.9333014351355,
      "transform_matrix": [
        [
          0.1253679431208447,
          0.1746874050968363,
          0.9766100275327166,
          2.6677328109172276
        ],
        [
          0.9878475486166537,
          0.06917412717766891,
          -0.13918376793198892,
          -0.6588888962699032
        ],
        [
          -0.09186981375156318,
          0.9821910419005808,
          -0.16389231353000272,
          -0.8271818924393631
        ],
        [
          0.0,
          0.0,
          0.0,
          1.0
        ]
      ]
    },
    {
      "file_path": "./images/IMG_7411.jpeg",
      "sharpness": 483.9391305121348,
      "transform_matrix": [
        [
          0.12187424470751577,
          -0.004132739903881429,
          0.9925369751536225,
          2.6907492342143096
        ],
        [
          0.9917731301224395,
          -0.038937624163042486,
          -0.12194256891881862,
          -0.6135539870495688
        ],
        [
          0.039150971549710985,
          0.9992331107439384,
          -0.000646719630916334,
          -0.1479768412601524
        ],
        [
          0.0,
          0.0,
          0.0,
          1.0
        ]
      ]
    },
    {
      "file_path": "./images/IMG_7412.jpeg",
      "sharpness": 526.7790956081489,
      "transform_matrix": [
        [
          0.10670818301382899,
          -0.2527958889978336,
          0.961617195376409,
          2.435400621611499
        ],
        [
          0.9719594221509174,
          -0.1773000384398384,
          -0.1544655477610027,
          -0.6262638552835167
        ],
        [
          0.20954300738623569,
          0.9511356211315621,
          0.22678799373269615,
          0.3473547888235348
        ],
        [
          0.0,
          0.0,
          0.0,
          1.0
        ]
      ]
    },
    {
      "file_path": "./images/IMG_7413.jpeg",
      "sharpness": 501.81141082976285,
      "transform_matrix": [
        [
          0.09274613251084911,
          -0.3035400159898839,
          0.9482939643472099,
          2.3905623310609
        ],
        [
          0.9674961823116672,
          -0.19756163769710425,
          -0.1578619192817266,
          -0.6800658300287732
        ],
        [
          0.23526399646160004,
          0.9321119226321761,
          0.27535066343961995,
          0.8792629680027938
        ],
        [
          0.0,
          0.0,
          0.0,
          1.0
        ]
      ]
    },
    {
      "file_path": "./images/IMG_7414.jpeg",
      "sharpness": 269.33018944600565,
      "transform_matrix": [
        [
          0.041621371828472635,
          0.1363925930220356,
          0.9897801375657923,
          2.520153886265655
        ],
        [
          0.9952120644739271,
          0.08202283540982801,
          -0.05315261093707328,
          -0.6148711153571601
        ],
        [
          -0.08843419618547625,
          0.9872534197489942,
          -0.13232565137941016,
          0.7749139911833625
        ],
        [
          0.0,
          0.0,
          0.0,
          1.0
        ]
      ]
    },
    {
      "file_path": "./images/IMG_7415.jpeg",
      "sharpness": 286.7598182778251,
      "transform_matrix": [
        [
          0.039861200223415424,
          0.04807061750778782,
          0.9980482437855,
          2.528855600886411
        ],
        [
          0.9991505852243538,
          -0.012363052853878133,
          -0.03930976559956674,
          -0.6722392276143425
        ],
        [
          0.010449279161925467,
          0.9987674245013904,
          -0.048522594484107326,
          1.1825512168394439
        ],
        [
          0.0,
          0.0,
          0.0,
          1.0
        ]
      ]
    },
    {
      "file_path": "./images/IMG_7416.jpeg",
      "sharpness": 483.0861851042626,
      "transform_matrix": [
        [
          0.028915900559815272,
          -0.1977325621346852,
          0.9798294624885944,
          2.405852562691184
        ],
        [
          0.9843789184091896,
          -0.16467871968230574,
          -0.062282767113225355,
          -0.6828407221448315
        ],
        [
          0.17367236073296488,
          0.9663244110552545,
          0.18988196253713555,
          1.743059053225802
        ],
        [
          0.0,
          0.0,
          0.0,
          1.0
        ]
      ]
    },
    {
      "file_path": "./images/IMG_7417.jpeg",
      "sharpness": 207.3845728872772,
      "transform_matrix": [
        [
          -0.04850989580675869,
          -0.520047892292757,
          0.8527587026565716,
          2.03369286895941
        ],
        [
          0.9159301419820743,
          -0.3636979030249431,
          -0.16969430447659944,
          -0.9034038346159166
        ],
        [
          0.3983956080003963,
          0.7728355155160063,
          0.4939705701805785,
          2.321948121639134
        ],
        [
          0.0,
          0.0,
          0.0,
          1.0
        ]
      ]
    },
    {
      "file_path": "./images/IMG_7418.jpeg",
      "sharpness": 328.87809043650196,
      "transform_matrix": [
        [
          -0.1626424471639188,
          0.5333759071036545,
          0.8300947875235336,
          1.4820142077601433
        ],
        [
          0.960529615808698,
          0.2780132999724681,
          0.009561807047457006,
          -0.6695725974579423
        ],
        [
          -0.22567736896239604,
          0.7988857827924559,
          -0.5575401145260724,
          -1.0507917098358945
        ],
        [
          0.0,
          0.0,
          0.0,
          1.0
        ]
      ]
    },
    {
      "file_path": "./images/IMG_7419.jpeg",
      "sharpness": 519.1191264068875,
      "transform_matrix": [
        [
          -0.14227633192793654,
          0.35220253827301096,
          0.9250464255652643,
          1.5928559419157633
        ],
        [
          0.9768855438878179,
          0.20059151330871666,
          0.07387615720646948,
          -0.635953395029016
        ],
        [
          -0.15953709010330389,
          0.9141753093500478,
          -0.3726009933498924,
          -0.7781558048472049
        ],
        [
          0.0,
          0.0,
          0.0,
          1.0
        ]
      ]
    },
    {
      "file_path": "./images/IMG_7420.jpeg",
      "sharpness": 789.2161449946393,
      "transform_matrix": [
        [
          -0.13451123437208162,
          0.22723020980840808,
          0.9645066882394043,
          1.666576619544408
        ],
        [
          0.9854502461485579,
          0.13273097654465105,
          0.10616166961446935,
          -0.6226670718261594
        ],
        [
          -0.1038967758651474,
          0.9647532906005998,
          -0.24177787368949813,
          -0.540871603019164
        ],
        [
          0.0,
          0.0,
          0.0,
          1.0
        ]
      ]
    },
    {
      "file_path": "./images/IMG_7421.jpeg",
      "sharpness": 827.6060323617364,
      "transform_matrix": [
        [
          -0.11932624687294081,
          0.018005097577274535,
          0.9926918261982886,
          1.7282226384317663
        ],
        [
          0.9928291547167332,
          0.009391539604743454,
          0.11917241131008915,
          -0.6209372132879095
        ],
        [
          -0.007177194012722085,
          0.9997937833221843,
          -0.01899664254775163,
          -0.2385286159597316
        ],
        [
          0.0,
          0.0,
          0.0,
          1.0
        ]
      ]
    },
    {
      "file_path": "./images/IMG_7422.jpeg",
      "sharpness": 860.149640582393,
      "transform_matrix": [
        [
          -0.19361773602520965,
          -0.391871717953901,
          0.8994158407081716,
          1.55777024887895
        ],
        [
          0.9737095687951752,
          -0.18889683285770673,
          0.12730951147204345,
          -0.6251194949561237
        ],
        [
          0.12000782759704422,
          0.9004191880596496,
          0.4181430090693066,
          0.3051730563094869
        ],
        [
          0.0,
          0.0,
          0.0,
          1.0
        ]
      ]
    },
    {
      "file_path": "./images/IMG_7423.jpeg",
      "sharpness": 744.498544022587,
      "transform_matrix": [
        [
          -0.2411854135807807,
          -0.6252218197403793,
          0.7422447793995993,
          1.3333648622417278
        ],
        [
          0.952700544873455,
          -0.2982593700990588,
          0.058335513378702006,
          -0.7164042355776072
        ],
        [
          0.1849088295106533,
          0.7212066804730769,
          0.6675849758827905,
          0.5898835585668059
        ],
        [
          0.0,
          0.0,
          0.0,
          1.0
        ]
      ]
    }
  ]
}